image: barn_corridor_sim_001.pgm
mode: trinary
resolution: 0.100000
origin: [-46.881957, -111.119554, 0.000000]
negate: 0
occupied_thresh: 0.65
free_thresh: 0.25
