image: barn_corridor_sim_001.pgm
mode: trinary
resolution: 0.100000
origin: [0.018993, 3.014942, 0.000000]
negate: 0
occupied_thresh: 0.65
free_thresh: 0.25
